3.391108E+9,0,0.015498,0,0,0,3.2975,0,0
3.391108E+9,0,0.015498,0.015498,0.015498,0,0,0,0,0,3.2975,3.2975,3.2975,0,0,0,0
3.391108E+9,0,0.015498,0.015498,0.015498,0.015498,0.015495,0,0,0,0,0,0,0,3.2975,3.2975,3.2975,3.2975,3.2975,0,0,0,0,0,0
3.391108E+9,0,0.0155,0,0,0,3.29875,0,0
3.391108E+9,0,0.0155,0.0155,0.015503,0,0,0,0,0,3.29875,3.29875,3.29875,0,0,0,0
0,0,0.0155,0,0,0,3.29875,0,0
0,0.0155,3.29875,0,0
2.796875,0.015503,3.2975,0,0
0,0.0155,3.29875,0,0
3.203125,0.0155,3.29875,0,0
9.5,0.0155,3.29875,0,0
